 Moda de atributo 1  b
 Moda de atributo 2  ?
 Moda de atributo 3  2.5
 Moda de atributo 4  u
 Moda de atributo 5  g
 Moda de atributo 6  c
 Moda de atributo 7  v
 Moda de atributo 8  0
 Moda de atributo 9  t
 Moda de atributo 10  t
 Moda de atributo 11  0
 Moda de atributo 12  f
 Moda de atributo 13  g
 Moda de atributo 14  00000
 Moda de atributo 15  0
 Moda de atributo 2 ignorando ?: 
      ?   23.25   19.17   20.42   20.67   23.00   24.50   25.00   18.08 
      7       5       4       4       4       4       4       4       3 
  18.58   18.83   20.75   27.25   27.67   27.83   32.33   33.17   34.08 
      3       3       3       3       3       3       3       3       3 
  35.17   48.17   16.25   16.33   17.58   18.17   18.25   19.67   20.00 
      3       3       2       2       2       2       2       2       2 
  20.17   21.17   21.25   21.33   21.67   21.83   22.08   22.50   22.58 
      2       2       2       2       2       2       2       2       2 
  22.67   23.08   23.17   23.42   23.50   23.92   24.58   24.75   24.83 
      2       2       2       2       2       2       2       2       2 
  25.08   25.42   25.67   26.67   27.75   28.25   28.50   28.67   28.75 
      2       2       2       2       2       2       2       2       2 
  29.50   31.92   32.00   32.75   33.67   34.17   34.83   34.92   36.67 
      2       2       2       2       2       2       2       2       2 
  36.75   37.50   37.75   38.25   39.92   40.83   41.17   41.33   42.00 
      2       2       2       2       2       2       2       2       2 
  47.42   47.67   48.58   48.75   15.83   15.92   16.08   16.50   17.08 
      2       2       2       2       1       1       1       1       1 
  17.50   17.67   17.83   18.00   18.33   18.42   18.50   18.67   18.75 
      1       1       1       1       1       1       1       1       1 
  18.92   19.00   19.33   19.42   19.75   20.50   21.50   21.75   22.17 
      1       1       1       1       1       1       1       1       1 
(Other) 
    128 
